2 3.07834e+06 5.09613e+06
3 112971 4.95734e+06
4 29551.5 4.93246e+06
5 15039.2 4.98227e+06
8 1367.15 4.91142e+06
11 613.456 5.03873e+06
16 197.74 5.04801e+06
22 35.6704 5.003e+06
32 7.73751 5.05153e+06
45 2.61088 5.26922e+06
64 0.576704 5.18433e+06
90 0.118155 5.02945e+06
128 0.0269833 4.89748e+06
2 1.7881e+06 4.92731e+06
3 129469 5.05295e+06
4 32517.8 4.9756e+06
5 13646.9 4.96461e+06
8 2061.54 4.87486e+06
11 734.523 4.95844e+06
16 120.515 4.95137e+06
22 35.8368 5.01424e+06
32 6.79156 4.80605e+06
45 2.10547 5.02187e+06
64 0.506224 4.99305e+06
90 0.120899 5.09726e+06
128 0.0274162 5.0341e+06
2 1.44324e+06 5.04135e+06
3 126459 5.22127e+06
4 32124.9 4.86212e+06
5 12908.2 4.883e+06
8 1799.59 4.86819e+06
11 764.436 4.93763e+06
16 152.65 5.02441e+06
22 33.4476 5.09891e+06
32 7.54749 4.94873e+06
45 2.79994 5.08316e+06
64 0.607283 5.0407e+06
90 0.123909 4.99597e+06
128 0.0351734 5.02061e+06
2 4.21342e+06 5.10068e+06
3 98846.4 4.93523e+06
4 33318.9 5.05061e+06
5 20200 5.02803e+06
8 2194.75 5.03334e+06
11 780.198 5.05772e+06
16 109.312 4.87237e+06
22 30.5877 5.03925e+06
32 7.82727 5.00017e+06
45 2.25838 4.99107e+06
64 0.521618 5.16003e+06
90 0.110653 4.8702e+06
128 0.0316429 4.95247e+06
2 1.08287e+06 4.98373e+06
3 131455 5.01274e+06
4 32074.7 4.88955e+06
5 16723.7 4.93273e+06
8 1951.84 5.03136e+06
11 539.204 5.04745e+06
16 130.285 5.07914e+06
22 30.5725 4.91649e+06
32 9.486 5.03199e+06
45 1.4891 4.9149e+06
64 0.499865 5.07442e+06
90 0.146795 5.06894e+06
128 0.0322647 5.00994e+06
2 1.04171e+06 4.98527e+06
3 94153.6 4.90874e+06
4 36368.4 5.09759e+06
5 18235.7 5.07825e+06
8 1862.67 4.95858e+06
11 617.911 5.04941e+06
16 125.172 4.99325e+06
22 32.5279 4.9256e+06
32 7.09494 4.98812e+06
45 1.91495 5.02814e+06
64 0.49205 4.94636e+06
90 0.10714 4.8667e+06
128 0.0325699 4.98096e+06
2 4.12709e+06 4.91777e+06
3 91298.3 4.95113e+06
4 32336 5.02014e+06
5 12388.5 4.94014e+06
8 2912.15 5.03417e+06
11 512.662 5.02386e+06
16 150.119 4.9886e+06
22 31.0749 4.98493e+06
32 9.49889 4.89948e+06
45 2.3641 4.90146e+06
64 0.552446 4.86859e+06
90 0.11491 4.83931e+06
128 0.0287819 5.02234e+06
2 3.75151e+06 5.02805e+06
3 133073 5.00189e+06
4 38080.8 5.0155e+06
5 13005.2 5.08032e+06
8 2195.19 5.06392e+06
11 587.042 4.96859e+06
16 115.275 5.08358e+06
22 37.1155 5.10814e+06
32 8.11978 4.96443e+06
45 2.56346 4.97439e+06
64 0.428553 4.95109e+06
90 0.151007 5.02902e+06
128 0.0333309 4.88084e+06
2 1.13359e+06 5.13511e+06
3 134991 5.11079e+06
4 45206.1 4.97534e+06
5 12695 4.95109e+06
8 1934.74 4.99103e+06
11 577.837 4.91012e+06
16 159.997 5.08016e+06
22 38.8135 4.82682e+06
32 7.31115 4.84012e+06
45 2.05929 4.85089e+06
64 0.46192 4.91317e+06
90 0.128412 5.07247e+06
128 0.024704 4.82826e+06
2 1.35341e+06 5.11049e+06
3 114672 5.05455e+06
4 42489.2 4.98325e+06
5 12725.6 4.86571e+06
8 2377.92 4.99626e+06
11 577.711 4.93463e+06
16 116.389 4.99473e+06
22 34.8552 4.94189e+06
32 6.81462 5.00143e+06
45 2.32884 4.9559e+06
64 0.694326 5.04402e+06
90 0.129171 5.07014e+06
128 0.0424957 5.09938e+06
2 9.27112e+06 5.01696e+06
3 99486.7 4.93954e+06
4 37020.6 5.05557e+06
5 16553.8 4.88355e+06
128 0.0369053 5.05803e+06
